cam 0 0 0 -1 -1 -3 1 -1 -3 -1 1 -3 1 1 -3
ltd 1 -1 -1 1 1 1
ltd -1 1 1 1 1 1
mat 0.1 0.1 0.1 1 0 0 1 1 1 50 0.9 0.9 0.9
xfs 4 2 2
xft 0 0 -17
sph 0 0 0 1
xfz
mat 0.1 0.1 0.1 0 1 0 1 1 1 50 0.9 0.9 0.9
xfs 0.5 1.5 1.0
xfr 0 -45 -45
xft -2 4 -17
sph 0 0 0 1
xfz
mat 0.1 0.1 0.1 0 0 1 1 1 1 50 0.9 0.9 0.9
xfs 0.5 1.5 1.0
xfr 0 -45 45
xft -2 -4 -17
sph 0 0 0 1
xfz
mat 0.1 0.1 0.1 1 1 0 1 1 1 50 0.9 0.9 0.9
xfs 0.5 1.5 1
xfr 0 45 45
xft 2 4 -17
sph 0 0 0 1
xfz
mat 0.1 0.1 0.1 0 1 1 1 1 1 50 0.9 0.9 0.9
xfs 0.5 1.5 1.0
xfr 0 45 -45
xft 2 -4 -17
sph 0 0 0 1
xfz

size 1000
d 2
a 1
t 8

save compare-04.png
