cam 0 0 0 -1 -1 -3 1 -1 -3 -1 1 -3 1 1 -3
ltd 0.57735027 -0.57735027 -0.57735027 1 1 1
ltd 0.57735027 0.57735027 -0.57735027 0 0 1

mat 0.1 0.1 0.1 1 0 1 1 1 1 50 0 0 0
sph 0 0 -20 3

mat 0.1 0.1 0.1 1 1 0 1 1 1 50 0 0 0
sph -2. 2. -15. 1

mat 0.1 0.1 0.1 0 1 1 1 1 1 50 0 0 0
sph -2. -2. -15. 1

mat 0.1 0.1 0.1 0.1 0.1 0.1 1 1 1 50 1 1 1
tri -5. -1. -3. 5. -1. -10. -5. -1. -10.

mat 0.1 0.1 0.1 0.1 0.1 0.1 1 1 1 50 1 1 1
tri -5. -1. -3. 5. -1. -3. 5. -1. -10.

size 800
d 0
aa 1
t 8

save input-04.png